Running test...
UVM
compute time --
0.190864
0.194921
0.194854
0.195312
0.195713
0.194282
0.195425
0.195155
0.194958
0.195067
final mean t--
0.351313
0.350291
0.352358
0.350827
0.350903
0.351310
0.350575
0.351020
0.349086
0.348533
no UVM + load
compute time --
0.072269
0.072358
0.072325
0.072276
0.072341
0.072314
0.072296
0.072302
0.072333
0.072439
data load t--
0.096671
0.095884
0.095191
0.097028
0.096521
0.096884
0.098451
0.096446
0.095680
0.096504
data save t--
0.034323
0.034284
0.034326
0.034454
0.034336
0.034434
0.034463
0.034295
0.034119
0.034144
final mean t--
0.040549
0.040468
0.040175
0.040588
0.040591
0.040850
0.040774
0.040717
0.040249
0.040295
