Running test...
UVM
compute time --
0.190992
0.193917
0.197078
0.195097
0.192489
0.192500
0.192714
0.190050
0.196476
0.186855
final mean t--
0.454766
0.349456
0.351550
0.351082
0.348451
0.350664
0.349344
0.348714
0.351611
0.343844
no UVM
compute time --
0.072257
0.072409
0.072374
0.072333
0.072319
0.072336
0.072357
0.072270
0.072224
0.072321
data load t--
0.095370
0.097143
0.096798
0.096773
0.097222
0.097461
0.098740
0.095222
0.095425
0.095150
data save t--
0.034106
0.034149
0.034388
0.034169
0.034766
0.034495
0.034294
0.034234
0.034184
0.034135
final mean t--
0.040239
0.040345
0.040948
0.040436
0.040782
0.045031
0.041050
0.040352
0.040168
0.040245
